QGC WPL 110
0	0	0	16	0.000000	0.000000	0.000000	0.000000	0.0000000	0.0000000	-0.130000	1
1	0	3	16	0.000000	0.000000	0.000000	0.000000	-0.0000000	-0.0000000	-0.587778	1
2	0	3	16	0.000000	0.000000	0.000000	0.000000	-0.0000000	-0.0000000	-0.586150	1
3	0	3	16	0.000000	0.000000	0.000000	0.000000	0.0000078	0.0000000	-0.585863	1
4	0	3	16	0.000000	0.000000	0.000000	0.000000	0.0000212	-0.0000000	-0.586444	1
5	0	3	16	0.000000	0.000000	0.000000	0.000000	0.0000499	-0.0000002	-0.585751	1
6	0	3	16	0.000000	0.000000	0.000000	0.000000	0.0000718	-0.0000009	-0.585924	1
7	0	3	16	0.000000	0.000000	0.000000	0.000000	0.0000952	-0.0000017	-0.586446	1
8	0	3	16	0.000000	0.000000	0.000000	0.000000	0.0001276	-0.0000028	-0.585642	1
9	0	3	16	0.000000	0.000000	0.000000	0.000000	0.0001503	-0.0000035	-0.586145	1
10	0	3	16	0.000000	0.000000	0.000000	0.000000	0.0001794	-0.0000045	-0.586057	1
11	0	3	16	0.000000	0.000000	0.000000	0.000000	0.0002067	-0.0000055	-0.586006	1
12	0	3	16	0.000000	0.000000	0.000000	0.000000	0.0002429	-0.0000069	-0.586055	1
13	0	3	16	0.000000	0.000000	0.000000	0.000000	0.0002796	-0.0000078	-0.585739	1
14	0	3	16	0.000000	0.000000	0.000000	0.000000	0.0003103	-0.0000090	-0.586231	1
15	0	3	16	0.000000	0.000000	0.000000	0.000000	0.0003531	-0.0000107	-0.585722	1
16	0	3	16	0.000000	0.000000	0.000000	0.000000	0.0003921	-0.0000123	-0.586010	1
17	0	3	16	0.000000	0.000000	0.000000	0.000000	0.0004314	-0.0000133	-0.585864	1
18	0	3	16	0.000000	0.000000	0.000000	0.000000	0.0004634	-0.0000134	-0.585863	1
19	0	3	16	0.000000	0.000000	0.000000	0.000000	0.0005000	-0.0000129	-0.586290	1
20	0	3	16	0.000000	0.000000	0.000000	0.000000	0.0005407	-0.0000124	-0.585911	1
21	0	3	16	0.000000	0.000000	0.000000	0.000000	0.0005767	-0.0000118	-0.586282	1
22	0	3	16	0.000000	0.000000	0.000000	0.000000	0.0006180	-0.0000111	-0.585925	1
23	0	3	16	0.000000	0.000000	0.000000	0.000000	0.0006478	-0.0000106	-0.585774	1
24	0	3	16	0.000000	0.000000	0.000000	0.000000	0.0006667	-0.0000113	-0.585764	1
25	0	3	16	0.000000	0.000000	0.000000	0.000000	0.0006796	-0.0000148	-0.586191	1
26	0	3	16	0.000000	0.000000	0.000000	0.000000	0.0006932	-0.0000225	-0.585752	1
27	0	3	16	0.000000	0.000000	0.000000	0.000000	0.0007000	-0.0000286	-0.585922	1
28	0	3	16	0.000000	0.000000	0.000000	0.000000	0.0007076	-0.0000385	-0.586356	1
29	0	3	16	0.000000	0.000000	0.000000	0.000000	0.0007140	-0.0000523	-0.585887	1
30	0	3	16	0.000000	0.000000	0.000000	0.000000	0.0007161	-0.0000618	-0.585927	1
31	0	3	16	0.000000	0.000000	0.000000	0.000000	0.0007164	-0.0000722	-0.586126	1
32	0	3	16	0.000000	0.000000	0.000000	0.000000	0.0007167	-0.0000837	-0.586196	1
33	0	3	16	0.000000	0.000000	0.000000	0.000000	0.0007161	-0.0001080	-0.586060	1
34	0	3	16	0.000000	0.000000	0.000000	0.000000	0.0007157	-0.0001374	-0.586028	1
35	0	3	16	0.000000	0.000000	0.000000	0.000000	0.0007160	-0.0001667	-0.585949	1
36	0	3	16	0.000000	0.000000	0.000000	0.000000	0.0007163	-0.0001940	-0.586214	1
37	0	3	16	0.000000	0.000000	0.000000	0.000000	0.0007167	-0.0002244	-0.585919	1
38	0	3	16	0.000000	0.000000	0.000000	0.000000	0.0007171	-0.0002523	-0.586020	1
39	0	3	16	0.000000	0.000000	0.000000	0.000000	0.0007175	-0.0002851	-0.586089	1
40	0	3	16	0.000000	0.000000	0.000000	0.000000	0.0007180	-0.0003180	-0.585888	1
41	0	3	16	0.000000	0.000000	0.000000	0.000000	0.0007184	-0.0003531	-0.586185	1
42	0	3	16	0.000000	0.000000	0.000000	0.000000	0.0007189	-0.0003905	-0.585626	1
43	0	3	16	0.000000	0.000000	0.000000	0.000000	0.0007190	-0.0004186	-0.585782	1
44	0	3	16	0.000000	0.000000	0.000000	0.000000	0.0007191	-0.0004472	-0.586101	1
45	0	3	16	0.000000	0.000000	0.000000	0.000000	0.0007192	-0.0004761	-0.586240	1
46	0	3	16	0.000000	0.000000	0.000000	0.000000	0.0007193	-0.0005139	-0.586332	1
47	0	3	16	0.000000	0.000000	0.000000	0.000000	0.0007194	-0.0005556	-0.585856	1
48	0	3	16	0.000000	0.000000	0.000000	0.000000	0.0007195	-0.0005936	-0.585994	1
49	0	3	16	0.000000	0.000000	0.000000	0.000000	0.0007197	-0.0006275	-0.585873	1
50	0	3	16	0.000000	0.000000	0.000000	0.000000	0.0007198	-0.0006594	-0.586349	1
51	0	3	16	0.000000	0.000000	0.000000	0.000000	0.0007199	-0.0006952	-0.585878	1
52	0	3	16	0.000000	0.000000	0.000000	0.000000	0.0007200	-0.0007293	-0.586394	1
53	0	3	16	0.000000	0.000000	0.000000	0.000000	0.0007201	-0.0007724	-0.586008	1
54	0	3	16	0.000000	0.000000	0.000000	0.000000	0.0007202	-0.0008085	-0.585922	1
55	0	3	16	0.000000	0.000000	0.000000	0.000000	0.0007203	-0.0008382	-0.586218	1
56	0	3	16	0.000000	0.000000	0.000000	0.000000	0.0007204	-0.0008674	-0.586029	1
57	0	3	16	0.000000	0.000000	0.000000	0.000000	0.0007205	-0.0008935	-0.586238	1
58	0	3	16	0.000000	0.000000	0.000000	0.000000	0.0007201	-0.0009207	-0.586029	1
59	0	3	16	0.000000	0.000000	0.000000	0.000000	0.0007198	-0.0009464	-0.585922	1
60	0	3	16	0.000000	0.000000	0.000000	0.000000	0.0007196	-0.0009665	-0.585985	1
61	0	3	16	0.000000	0.000000	0.000000	0.000000	0.0007198	-0.0009854	-0.586183	1
62	0	3	16	0.000000	0.000000	0.000000	0.000000	0.0007201	-0.0010105	-0.586049	1
63	0	3	16	0.000000	0.000000	0.000000	0.000000	0.0007204	-0.0010318	-0.586184	1
64	0	3	16	0.000000	0.000000	0.000000	0.000000	0.0007206	-0.0010509	-0.585978	1
65	0	3	16	0.000000	0.000000	0.000000	0.000000	0.0007208	-0.0010688	-0.586172	1
66	0	3	16	0.000000	0.000000	0.000000	0.000000	0.0007201	-0.0010907	-0.586137	1
67	0	3	16	0.000000	0.000000	0.000000	0.000000	0.0007176	-0.0011117	-0.585918	1
68	0	3	16	0.000000	0.000000	0.000000	0.000000	0.0007129	-0.0011256	-0.585928	1
69	0	3	16	0.000000	0.000000	0.000000	0.000000	0.0007067	-0.0011348	-0.586205	1
70	0	3	16	0.000000	0.000000	0.000000	0.000000	0.0006916	-0.0011487	-0.585704	1
71	0	3	16	0.000000	0.000000	0.000000	0.000000	0.0006825	-0.0011539	-0.586198	1
72	0	3	16	0.000000	0.000000	0.000000	0.000000	0.0006692	-0.0011579	-0.586044	1
73	0	3	16	0.000000	0.000000	0.000000	0.000000	0.0006568	-0.0011590	-0.585776	1
74	0	3	16	0.000000	0.000000	0.000000	0.000000	0.0006458	-0.0011588	-0.586259	1
75	0	3	16	0.000000	0.000000	0.000000	0.000000	0.0006158	-0.0011597	-0.586487	1
76	0	3	16	0.000000	0.000000	0.000000	0.000000	0.0005747	-0.0011595	-0.585693	1
77	0	3	16	0.000000	0.000000	0.000000	0.000000	0.0005400	-0.0011594	-0.585995	1
78	0	3	16	0.000000	0.000000	0.000000	0.000000	0.0005088	-0.0011590	-0.585755	1
79	0	3	16	0.000000	0.000000	0.000000	0.000000	0.0004823	-0.0011586	-0.585938	1
80	0	3	16	0.000000	0.000000	0.000000	0.000000	0.0004512	-0.0011580	-0.585980	1
81	0	3	16	0.000000	0.000000	0.000000	0.000000	0.0004241	-0.0011576	-0.585797	1
82	0	3	16	0.000000	0.000000	0.000000	0.000000	0.0004029	-0.0011572	-0.586074	1
83	0	3	16	0.000000	0.000000	0.000000	0.000000	0.0003732	-0.0011567	-0.585909	1
84	0	3	16	0.000000	0.000000	0.000000	0.000000	0.0003479	-0.0011563	-0.585916	1
85	0	3	16	0.000000	0.000000	0.000000	0.000000	0.0003263	-0.0011559	-0.586082	1
86	0	3	16	0.000000	0.000000	0.000000	0.000000	0.0002920	-0.0011553	-0.585895	1
87	0	3	16	0.000000	0.000000	0.000000	0.000000	0.0002557	-0.0011548	-0.586064	1
88	0	3	16	0.000000	0.000000	0.000000	0.000000	0.0002214	-0.0011550	-0.586008	1
89	0	3	16	0.000000	0.000000	0.000000	0.000000	0.0001913	-0.0011553	-0.586121	1
90	0	3	16	0.000000	0.000000	0.000000	0.000000	0.0001562	-0.0011556	-0.585764	1
91	0	3	16	0.000000	0.000000	0.000000	0.000000	0.0001271	-0.0011560	-0.585873	1
92	0	3	16	0.000000	0.000000	0.000000	0.000000	0.0001039	-0.0011564	-0.585961	1
93	0	3	16	0.000000	0.000000	0.000000	0.000000	0.0000802	-0.0011563	-0.586018	1
94	0	3	16	0.000000	0.000000	0.000000	0.000000	0.0000594	-0.0011538	-0.585839	1
95	0	3	16	0.000000	0.000000	0.000000	0.000000	0.0000427	-0.0011480	-0.585866	1
96	0	3	16	0.000000	0.000000	0.000000	0.000000	0.0000301	-0.0011394	-0.585991	1
97	0	3	16	0.000000	0.000000	0.000000	0.000000	0.0000142	-0.0011205	-0.585908	1
98	0	3	16	0.000000	0.000000	0.000000	0.000000	0.0000042	-0.0011038	-0.585536	1
99	0	3	16	0.000000	0.000000	0.000000	0.000000	-0.0000007	-0.0010861	-0.585838	1
100	0	3	16	0.000000	0.000000	0.000000	0.000000	-0.0000008	-0.0010676	-0.585674	1
101	0	3	16	0.000000	0.000000	0.000000	0.000000	-0.0000011	-0.0010463	-0.585854	1
102	0	3	16	0.000000	0.000000	0.000000	0.000000	-0.0000018	-0.0010163	-0.585819	1
103	0	3	16	0.000000	0.000000	0.000000	0.000000	-0.0000025	-0.0009809	-0.585362	1
104	0	3	16	0.000000	0.000000	0.000000	0.000000	-0.0000021	-0.0009559	-0.585669	1
105	0	3	16	0.000000	0.000000	0.000000	0.000000	-0.0000007	-0.0009322	-0.586192	1
106	0	3	16	0.000000	0.000000	0.000000	0.000000	0.0000014	-0.0008932	-0.585894	1
107	0	3	16	0.000000	0.000000	0.000000	0.000000	0.0000037	-0.0008514	-0.585751	1
108	0	3	16	0.000000	0.000000	0.000000	0.000000	0.0000055	-0.0008175	-0.585493	1
109	0	3	16	0.000000	0.000000	0.000000	0.000000	0.0000063	-0.0007941	-0.585628	1
110	0	3	16	0.000000	0.000000	0.000000	0.000000	0.0000072	-0.0007668	-0.585298	1
111	0	3	16	0.000000	0.000000	0.000000	0.000000	0.0000082	-0.0007390	-0.585933	1
112	0	3	16	0.000000	0.000000	0.000000	0.000000	0.0000093	-0.0007064	-0.585688	1
113	0	3	16	0.000000	0.000000	0.000000	0.000000	0.0000104	-0.0006700	-0.585386	1
114	0	3	16	0.000000	0.000000	0.000000	0.000000	0.0000105	-0.0006413	-0.585566	1
115	0	3	16	0.000000	0.000000	0.000000	0.000000	0.0000100	-0.0006191	-0.585771	1
116	0	3	16	0.000000	0.000000	0.000000	0.000000	0.0000097	-0.0005995	-0.585769	1
117	0	3	16	0.000000	0.000000	0.000000	0.000000	0.0000094	-0.0005755	-0.586207	1
118	0	3	16	0.000000	0.000000	0.000000	0.000000	0.0000083	-0.0005418	-0.585633	1
119	0	3	16	0.000000	0.000000	0.000000	0.000000	0.0000071	-0.0005134	-0.585690	1
120	0	3	16	0.000000	0.000000	0.000000	0.000000	0.0000061	-0.0004892	-0.585922	1
121	0	3	16	0.000000	0.000000	0.000000	0.000000	0.0000047	-0.0004561	-0.585896	1
122	0	3	16	0.000000	0.000000	0.000000	0.000000	0.0000034	-0.0004255	-0.585249	1
123	0	3	16	0.000000	0.000000	0.000000	0.000000	0.0000023	-0.0003981	-0.586089	1
124	0	3	16	0.000000	0.000000	0.000000	0.000000	0.0000010	-0.0003681	-0.585662	1
125	0	3	16	0.000000	0.000000	0.000000	0.000000	0.0000000	-0.0003437	-0.585591	1
126	0	3	16	0.000000	0.000000	0.000000	0.000000	-0.0000002	-0.0003237	-0.586077	1
127	0	3	16	0.000000	0.000000	0.000000	0.000000	-0.0000009	-0.0002908	-0.586005	1
128	0	3	16	0.000000	0.000000	0.000000	0.000000	-0.0000014	-0.0002537	-0.586120	1
129	0	3	16	0.000000	0.000000	0.000000	0.000000	-0.0000017	-0.0002226	-0.585690	1
130	0	3	16	0.000000	0.000000	0.000000	0.000000	-0.0000019	-0.0001948	-0.585727	1
131	0	3	16	0.000000	0.000000	0.000000	0.000000	-0.0000022	-0.0001683	-0.586040	1
132	0	3	16	0.000000	0.000000	0.000000	0.000000	-0.0000025	-0.0001354	-0.585688	1
133	0	3	16	0.000000	0.000000	0.000000	0.000000	-0.0000027	-0.0001078	-0.585597	1
134	0	3	16	0.000000	0.000000	0.000000	0.000000	-0.0000029	-0.0000846	-0.586190	1
135	0	3	16	0.000000	0.000000	0.000000	0.000000	-0.0000032	-0.0000516	-0.585424	1
136	0	3	16	0.000000	0.000000	0.000000	0.000000	-0.0000034	-0.0000286	-0.585613	1
137	0	3	16	0.000000	0.000000	0.000000	0.000000	-0.0000036	-0.0000135	-0.585871	1
